Level: 0, -1.2665428714470153,0.7426831892554924, 1.25,1.0, 2.6,2.0, 4
Level: 1, -0.8819975943867775,0.3430645759624189, 1.6666666666666667,1.0, 4.6,2.0, 3
Level: 2, -0.8058859824755267,0.15880969606306394, 2.0,0.0, 6.2,2.0, 2
