Level: 0, -1.3423426979455606,0.6643375621847643, 1.0,0.0, 2.6,2.0, 4
Level: 1, -0.9654502498146738,0.38458311518662835, 1.0,0.0, 4.6,2.0, 3
Level: 2, -0.8563270561767707,0.16658541423855922, 1.0,0.0, 6.2,2.0, 2
