Level: 0, -0.9280956565480302,0.19888031833373143, 1.0,0.0, 6.714285714285714,2.0, 1
Level: 1, -0.966751816341081,0.28534315528167176, 1.1111111111111112,1.0, 7.4,4.0, 1
